/Users/agnieszkazaba/PycharmProjects/PySDM/PySDM/backends/numba.py:57: UserWarning: Disabling Numba threading due to ARM64 CPU (atomics do not work yet)
  warnings.warn(
0.05753752845960777
0.05811746679578263
0.05869740359380698
0.059277338853686926
0.05985727257542858
0.060437204759038125
0.06101713540452158
0.061597064511885145
0.062176992081134926
0.06275691811227699
0.06333684260531754
0.06391676556026263
0.06449668697711838
0.06507660685589095
0.06565652519658643
0.06623644199921093
0.06681635726377062
0.06739627099027155
0.06797618317871988
0.06855609382912174
0.06913600294148324
0.06971591051581046
0.07029581655210958
0.07087572105038663
0.07145562401064784
0.07203552543289925
0.072615425317147
0.07319532366339722
0.07377522047165601
0.07435511574192949
0.07493500947422382
0.07551490166854506
0.05358428224754947
0.05456872411161528
0.05555954293465338
0.056556685751291184
0.05756010018057545
0.05856973441793366
0.059585537227267754
0.06060745793317801
0.06163544641331418
0.06266945309085077
0.06370942892708634
0.06475532541416104
0.0658070945678935
0.06686468892073341
0.0679280615148265
0.06899716589519186
0.07007195610300852
0.07115238666900855
0.07223841260697683
0.07332998940735233
0.07442707303093221
0.07552961990267544
0.07663758690560267
0.07775093137479404
0.07886961109147984
0.07999358427722357
0.08112280958819658
0.08225724610954113
0.08339685334982166
0.08454159123556063
0.08569142010586059
0.08684630070710748
0.04984956659684856
0.051168417435203735
0.05251037579394508
0.05387572931830117
0.05526477044839962
0.0566777965195967
0.058115109865334136
0.059577017922603934
0.06106383334009218
0.06257587408908488
0.0641134635772192
0.06567693076516366
0.06726661028631595
0.06888284256961161
0.0705259739655355
0.07219635687543696
0.07389434988424726
0.07562031789670656
0.0773746322772076
0.07915767099336965
0.08096981876345899
0.08281146720777545
0.08468301500413317
0.08658486804756067
0.08851743961436105
0.09048115053066291
0.09247642934561641
0.09450371250937345
0.09656344455601884
0.09865607829160139
0.10078207498744311
0.10294190457889098
0.04631574871815801
0.04790742442837126
0.04954619411347925
0.051233607034336215
0.0529712811626695
0.054760907033012514
0.056604251856702315
0.05850316391898201
0.06045957728220189
0.06247551682026901
0.06455310361188998
0.06669456072279342
0.06890221941006516
0.07117852578498585
0.07352604797439755
0.07594748382466503
0.07844566919680945
0.08102358690642111
0.08368437636759835
0.08643134400644488
0.08926797451674433
0.09219794303835538
0.09522512834779837
0.09835362716056245
0.10158776965600576
0.10493213634853442
0.1083915764432655
0.11197122783082893
0.1156765388946564
0.1195132923253808
0.12348763116121962
0.12760608730093545
0.04296704314214047
0.04477735524848563
0.046663493693851116
0.04862948118687619
0.050679630110705295
0.05281856907525299
0.055051272444625335
0.057383093236022066
0.059819799847952534
0.06236761714805765
0.06503327253645126
0.06782404770198659
0.07074783690955905
0.07381321280059855
0.077029500861408
0.08040686392136338
0.08395639829319432
0.08769024347070502
0.09162170766808893
0.09576541193565152
0.1001374561399712
0.10475561077889557
0.10963953944772202
0.11481105782714415
0.12029443638472981
0.12611675564701258
0.1323083250114003
0.13890317876321184
0.14593966642845846
0.1534611590791714
0.16151689906077404
0.17016302830873983
0.03978927597319784
0.04177048047389271
0.0438589603749024
0.046062537985723316
0.04838981508337366
0.0508502724820731
0.053454385265998924
0.05621375663708861
0.05914127398327865
0.062251291593332515
0.0655598454815364
0.0690849071042971
0.0728466844387172
0.07686798106907765
0.08117462675273429
0.08579599663511717
0.09076564116442445
0.0961220552559863
0.10190962399321925
0.10817979401660374
0.11499253603970132
0.12241818655312316
0.13053978859445006
0.13945609682355645
0.14928547777324558
0.16017103263330731
0.1722874142813218
0.1858500304198365
0.2011276675702846
0.2184601173723062
0.23828328126015502
0.2611657368818958
0.036769684346498334
0.03887966737531715
0.041129457325321236
0.04353198671512555
0.046101833875079046
0.04885549336117572
0.05181170149670395
0.054991830614480125
0.05842036953085372
0.06212551308885666
0.06613989079187567
0.0705014743796705
0.07525471780489972
0.08045200213382526
0.08615548496687882
0.0924394929719846
0.09939365318304419
0.10712704363760557
0.11577377269532127
0.12550059567672817
0.1365174929960756
0.14909264627660468
0.1635741045404045
0.1804219076055618
0.20025707017669772
0.22393874107271283
0.2526904493477866
0.2883161909814394
0.3335909820142716
0.3930157708105142
0.47440630113199933
0.5926332816457798
0.033896745104291165
0.03609832342707841
0.038472013338909296
0.041037058921708953
0.04381568428375753
0.04683369362732343
0.05012122239862484
0.053713685842560886
0.05765298825977275
0.061989080572859505
0.06678198915038673
0.0721044910704353
0.07804568960302971
0.08471586431725114
0.09225315942313456
0.10083297798080842
0.11068145146624857
0.12209520806230334
0.13547116649384086
0.1513528349936299
0.17050486789681338
0.1940382792423184
0.2236315962554377
0.2619462697008693
0.3134695524700796
0.3864042688861934
0.49751847540920635
0.6872743487849152
1.0845395570174357
2.4386670987022407
-12.211376343981351
-1.8027921245319842
0.031160027842438695
0.03342034611639972
0.03588381204570922
0.03857700763646519
0.041531364110869044
0.044784320518428226
0.048380831206507394
0.05237535117411215
0.056834485910735956
0.06184058051421791
0.0674966609096067
0.07393336124173885
0.08131883574467429
0.08987327120801167
0.09989070018166699
0.111772791946684
0.12608306747408618
0.1436375538698024
0.165664057098874
0.1940993959217305
0.23218753837077705
0.28580615908816287
0.3668201006936842
0.5033093869714516
0.7816461827717118
1.6609592012356102
-21.50508444014661
-1.4976102075293285
-0.7918024131543837
-0.5454432879124772
-0.4201349504933615
-0.344294218595009
0.028550068376483693
0.030840078246533682
0.03336218195563631
0.036151106629140194
0.03924887116139146
0.04270680609170765
0.046588284285419966
0.050972472427623615
0.05595957812493939
0.06167833775586847
0.06829694700004511
0.07603943393595486
0.08521092247514093
0.09623797838153796
0.10973570391049076
0.12662484061709903
0.1483485335436198
0.17730406668310164
0.217787547262322
0.27833810798395614
0.37869359204364217
0.5771039293497404
1.153714792259565
24.78177692830564
-1.335939975654877
-0.6658426651565841
-0.4501585672148941
-0.34376010392280626
-0.2804130028901475
-0.23841054361237887
-0.20853915658294653
-0.1862210546880536
0.02605825939194278
0.028352268044700507
0.030904587260618486
0.033758649693459805
0.03696820324381239
0.040600566698941146
0.044741201481145514
0.04950026506453332
0.05502222623077142
0.061500352048742525
0.06919921191042458
0.07849090058545954
0.08991584116729219
0.10429010831241065
0.12290686551512978
0.14794468341959716
0.1833818163386492
0.23733824793895092
0.32936203160992367
0.5214481046960716
1.1700625357945453
-6.399590938621609
-0.8944737526341182
-0.4918222291008035
-0.3442728251652407
-0.2677639072324496
-0.2209758982910368
-0.18942934854130036
-0.16673628100984908
-0.14964089337145867
-0.1363094600206571
-0.12563034517151397
0.023676755616390023
0.025952033482855588
0.028508619328674392
0.03139894996171528
0.03468935817012232
0.038465002439808195
0.042837055576238355
0.047953459672810894
0.05401549767054293
0.06130421516868803
0.070224274523279
0.0813803171663045
0.09571791118692034
0.11480327023739033
0.14143243504020567
0.18113322606958335
0.24657975037744578
0.3746553577659811
0.7370886756136209
8.805914900603566
-0.9393690258408917
-0.45838315139407965
-0.3085263132249451
-0.23546901872456955
-0.19224774503299372
-0.16370680522617545
-0.14346890395543296
-0.12838334395679396
-0.11671453261165501
-0.10742770874710737
-0.09986763441955669
-0.09359921047688019
0.02139839131211927
0.023634830301215267
0.02617198882995346
0.029071339247312252
0.032412333755808403
0.036299496592234665
0.040873160753529765
0.04632623894794343
0.052931394245367226
0.061087001313414754
0.07139903438266144
0.08483655323515076
0.10305155566530773
0.12910926302433617
0.16941043991491644
0.2399241237557345
0.3947355102959472
1.0080416861555073
-2.1632353171202805
-0.5448657145196171
-0.3192420986826982
-0.2294383050450817
-0.1812259986537074
-0.15116970867219726
-0.13065675731792528
-0.11577816766732389
-0.1045033368731144
-0.09567277557072926
-0.08857622729723902
-0.08275431715629707
-0.0778967674631513
-0.07378644784444657
0.019216608261414955
0.02139642329384905
0.023892518440627966
0.0267751674139589
0.030137127819846888
0.03410341501860797
0.03884665995633299
0.044612164582912735
0.0517606391752282
0.06084512015911745
0.07275886657123273
0.0890445378916277
0.11261542093162838
0.14971232060147716
0.2165531334764352
0.3725443478760546
1.1504002444137722
-1.1964563535198804
-0.41003220959704884
-0.2533555453525625
-0.18632588286509982
-0.14915126567616463
-0.12554104037275826
-0.10923273955197296
-0.09730479327605002
-0.08821082031882223
-0.0810556881286842
-0.075285333742508
-0.07053844617259077
-0.06656935294672774
-0.06320518451182565
-0.06032076622278663
0.01712539271998519
0.019232860474587773
0.021668136075761513
0.02450980177024404
0.027863738184696087
0.031876105546661836
0.03675451102025779
0.0428040921303382
0.05049241097306346
0.060574116841753754
0.07435124523947967
0.09427946248351074
0.1256092796401915
0.1819433637490787
0.3128093146687213
0.9527398543053724
-1.0443004632630957
-0.35265560069757196
-0.21765587342851564
-0.16018297802204012
-0.12838452366062564
-0.10821908378449732
-0.09430551624206811
-0.0841382058738322
-0.07639267453572797
-0.07030297544495469
-0.06539535640219252
-0.0613610575570946
-0.05799023747607326
-0.055135297120610674
-0.05268939537070198
-0.05057328894244783
0.015119220062086937
0.017140449791715227
0.01949686860694395
0.02227462648842064
0.02559216267628968
0.029616897323761823
0.03459347143506309
0.040894071463117604
0.04911400796136248
0.06026839506462526
0.07624139994318388
0.10096950461453341
0.14428151732824074
0.2395162462837219
0.6183760104733647
-1.315463508426664
-0.33644093157651195
-0.19869127251414057
-0.14379239683158535
-0.114311711698974
-0.0959364285271933
-0.08340142953525707
-0.07431567818450042
-0.06743660867602058
-0.062054503711455544
-0.05773452451145103
-0.05419538081851494
-0.051247053166454955
-0.04875655192581375
-0.046628015384746334
-0.044790598387894585
-0.043190811575441905
0.013193006044374102
0.015115738102816299
0.01737683602465697
0.02006904204627279
0.023322399124029648
0.02732510014324683
0.03236008157601744
0.03887322990901464
0.04761042138514484
0.05992082650398315
0.07852147249905185
0.10981929991984729
0.1733950643000282
0.3716798002763997
-6.6909808257862124
-0.3603760110358888
-0.19210738343614864
-0.13407539824666007
-0.10471680565253028
-0.08701355623661929
-0.07519057366580893
-0.06674726375991119
-0.060424847237798486
-0.055520626008986274
-0.051611453641715745
-0.04842729453731632
-0.04578771693854816
-0.04356757416818574
-0.041677336723994485
-0.0400512629802832
-0.03863999077797907
-0.03740573536989851
0.011342063783216661
0.013155492157914122
0.015306246009068648
0.017892464691004376
0.02105444536077991
0.025000003741406974
0.030050646222376316
0.03673163443562356
0.04596378668549033
0.05952218803894523
0.08132599244058776
0.12207601314104585
0.22510695878494907
0.9900051335560679
-0.4676831002945817
-0.19875366277035422
-0.12996245039537083
-0.09852401480834826
-0.08053706840965157
-0.06890741836266312
-0.060783568739831866
-0.05479755888932493
-0.05021121671387062
-0.04659113605555041
-0.04366610788527199
-0.04125773638401914
-0.039243864846593444
-0.03753803303460571
-0.03607732591624412
-0.03481486963915301
-0.03371502543812205
-0.03275021379681971
0.009562065679025589
0.01125668137060276
0.013283388876302435
0.01574432592414008
0.01878829922285774
0.02264087706359123
0.0276612141553081
0.0344581283693684
0.04415267033689282
0.05906033123965561
0.08485941888167334
0.14017594641700495
0.3424177574812375
-1.1018513315432248
-0.22759284473240202
-0.13199726843549453
-0.09536249414930668
-0.07602768387233041
-0.06409917547540755
-0.056019537234882816
-0.050195203733484205
-0.045805643528835524
-0.042385311855491686
-0.03965041492951636
-0.03741810136261987
-0.03556524695818437
-0.03400590895362466
-0.03267827603094984
-0.03153675417339299
-0.030546975427836638
-0.02968254317552304
-0.02892284769872585
0.007849009636422117
0.009416462184074425
0.011306632870232895
0.013624072006488753
0.016523958550029586
0.02024696749785724
0.025187555598330982
0.03204013698412288
0.04215113173711709
0.05851892270518103
0.08944836462774836
0.16960536271124194
0.8666278710487402
-0.3208666680175063
-0.14339246131928982
-0.09553385526508987
-0.07331637566329316
-0.06051087744505258
-0.052198060306594865
-0.04637816386794448
-0.04208491841602788
-0.03879429156813277
-0.036197463080267195
-0.03410063138536593
-0.03237602707384012
-0.03093599725725196
-0.029718406944204117
-0.028677982937129008
-0.027780957422975833
-0.02700163144342466
-0.026320100674960833
-0.02572070935429251
0.006199189025232673
0.007632163862407922
0.009374419772554111
0.011531163482257174
0.014261421185501501
0.017817500074467942
0.022625137229297005
0.029463434807819162
0.039927472777265306
0.057875472156657115
0.09564883991625028
0.2258473990595234
-1.0854049001976225
-0.17578583049496316
-0.10046419920075203
-0.07255696933339183
-0.058040916476910454
-0.04916168213049977
-0.04318328648610725
-0.03889380946907822
-0.035673901329417355
-0.033174058916375225
-0.03118209805305986
-0.029561744975363246
-0.02822147638649533
-0.027097543789250122
-0.026144180363463013
-0.025327678447089975
-0.02462266314998623
-0.024009667324960744
-0.023473506844612135
-0.023002164113238202
0.004609165907762212
0.005901275557801009
0.007485260806302697
0.00946507472146156
0.01200068497591387
0.015351676629453463
0.019969094453380618
0.026711865554072838
0.03744254665684019
0.057098129561052514
0.10449054468092517
0.37620329363997207
-0.29464659768969886
-0.11465657091686629
-0.07443598035438885
-0.05675208599486642
-0.04683226973644225
-0.040499838401073004
-0.03611838954401208
-0.032915431826353626
-0.030478747593398203
-0.028568294128402442
-0.027034810276256725
-0.025780607761397036
-0.024739067871869868
-0.023863199236556814
-0.023118905396630595
-0.022480845643090473
-0.02192979403847349
-0.021450899964711244
-0.021032510487855417
-0.02066535365215252
0.0030757471253698133
0.004221434522040068
0.0056377328101999335
0.007425293479816774
0.00974174777133444
0.012848674930338718
0.017214200580281523
0.023767003030762478
0.03464743337955864
0.05614025066972641
0.11811783112418686
2.0671588773930494
-0.1564929589605293
-0.08096230734143606
-0.05696931694848962
-0.045214534867426104
-0.03825715575435996
-0.033671891768681676
-0.03043247918706702
-0.028030039872483314
-0.026183528768229773
-0.02472506313833178
-0.02354817573778175
-0.02258208399271884
-0.02177789533374601
-0.02110075243518869
-0.02052513419607264
-0.020031926126887208
-0.0196065287334773
-0.019237598752097615
-0.018916189270014833
-0.01863514866107625
0.001595962894311146
0.002590415345813013
0.0038304746631525567
0.005411320475331593
0.007484607425251049
0.010307647762023872
0.014354832494734572
0.02060773798532902
0.03148018681589574
0.054930678665146254
0.1418575943482357
-0.44401646812590007
-0.09905088250148418
-0.05961863872028609
-0.0444365617563104
-0.03642160719556021
-0.0314850037475006
-0.02815118211820998
-0.025757711404754968
-0.023963003394103045
-0.022573045883960308
-0.021469475000171986
-0.02057597951288395
-0.019841148586633613
-0.01922908152680204
-0.01871394892181156
-0.018276692452413645
-0.017902942585547
-0.01758166018609059
-0.017304224510735013
-0.017063805336006547
-0.016854921043109643
0.0001670476089440659
0.0010061201228096538
0.0020621839400346417
0.0034226689808741747
0.005229261794564889
0.007727721970685225
0.011384932345886657
0.017209771301046266
0.027861189847652665
0.05335520628525154
0.19360651151746405
-0.1724309972951523
-0.06758076726766021
-0.04488670594520343
-0.03500587590722252
-0.02949804682852214
-0.026001282089078134
-0.0235950936001553
-0.02184638878836701
-0.020524588647980128
-0.019495647878489498
-0.018676323134452104
-0.018012189101357417
-0.017466161179173115
-0.01701209874444773
-0.01663104545555133
-0.016308919839047985
-0.01603504290612772
-0.01580116902353034
-0.015600830176046084
-0.015428881433690826
-0.015281179101161585
-0.001213577408795636
-0.0005334305528049779
0.0003316137814827927
0.0014588644320094244
0.0029757087395841215
0.005107997463429293
0.00829796470629137
0.013544987806817843
0.02368636937271291
0.0512182165816497
0.39424250183053233
-0.09450256923755096
-0.047715978754326135
-0.034106313915572756
-0.02765237537116819
-0.02390499576656269
-0.02147023621309517
-0.019771119768882028
-0.018525610230830172
-0.017579506674625354
-0.01684138725433686
-0.01625361190566488
-0.01577803828012093
-0.015388420289308053
-0.015066105656333888
-0.01479747476316109
-0.01457235055182571
-0.014382975474656967
-0.01422333280930934
-0.014088684287865794
-0.013975247661731307
-0.013879967165049766
-0.002548319440033423
-0.0020301058367757133
-0.0013624300381057872
-0.00048055595055516076
0.0007239461240169644
0.0024475461612910475
0.005086868562927519
0.009580676548827986
0.018817025050891667
0.04815441446968967
-0.7213852809977571
-0.05753726756601552
-0.03403633043248161
-0.025875593614016704
-0.021757865853902464
-0.01929254661182038
-0.01766344781125605
-0.016515919696564525
-0.015671020173263273
-0.015028691585418127
-0.014528606795113027
-0.014132229938365118
-0.013813792101019785
-0.01355540860915653
-0.013344277961053044
-0.01317099571326571
-0.013028497762942263
-0.01291137498088577
-0.012815415369533262
-0.01273729024447999
-0.012674334216210786
-0.012624387814550206
-0.003839428376492151
-0.0034856722053066397
-0.003021091858860667
-0.0023960435245471744
-0.0015260281850355828
-0.0002545890969808489
0.0017440033979965876
0.005278551731621913
0.013064121221179151
0.04339391194504451
-0.12705106550878384
-0.035958760517945686
-0.024042234272001334
-0.019385664530981922
-0.01692732276659672
-0.015423598149871893
-0.014420116708725403
-0.013711379269696414
-0.013190888383912911
-0.012797937912853543
-0.012495390390797256
-0.012259251040198047
-0.01207332645412478
-0.011926292378998385
-0.011809991552932098
-0.011718398934031397
-0.01164696775961203
-0.011592202368302744
-0.011551371058648499
-0.011522308201278843
-0.011503274831873578
-0.011492858508457764
-0.005089009376389815
-0.004901800410244553
-0.004645468713301914
-0.004288038576328581
-0.003774216317085748
-0.00299939570307142
-0.0017389115071332246
0.0005935122329978063
0.006163174760173491
0.034987585930545614
-0.048440179823062895
-0.021814954072193166
-0.016421076883839387
-0.014137079000460828
-0.012896521606575796
-0.012131786670739685
-0.011623763950855778
-0.011269971248678668
-0.01101606923685586
-0.010830562622516632
-0.010693937387244418
-0.010593458250380433
-0.010520460388966485
-0.010468843516101695
-0.010434188462234461
-0.010413215397915196
-0.01040343888943917
-0.010402941120927997
-0.010410218607058933
-0.010424076035244097
-0.010443551155917077
-0.010467860619212972
-0.006299034318452763
-0.006280071876472929
-0.006236612745983978
-0.006156970658289261
-0.006020620398266076
-0.005787892482074089
-0.0053708655598097566
-0.004527945540104519
-0.0022675574629127887
0.01614822715374573
-0.017402239111027385
-0.01182815107762059
-0.010417417267223181
-0.00980477297107576
-0.009482038897984683
-0.00929693692294392
-0.009187945927325953
-0.00912545629888924
-0.009093454123101256
-0.009082521365256332
-0.009086756982743931
-0.009102275408371717
-0.009126413771811332
-0.009157286033005663
-0.009193518960110232
-0.00923408893395336
-0.0092782173453977
-0.009325301428269653
-0.009374867271333333
-0.009426537133014353
-0.009480006224872158
-0.009535025910998848
-0.0074713521851310655
-0.0076219845930167816
-0.007795533486134127
-0.008003258913976723
-0.008265242551336018
-0.008621130953370556
-0.009161634328302748
-0.01014977999719104
-0.012800164115664942
-0.0643097452494217
-0.000784262663125573
-0.004400489117492709
-0.005565716609038298
-0.006168067835696924
-0.006552559164371376
-0.006830073047328569
-0.007047159505788594
-0.007226782038534534
-0.007381576905900958
-0.007519071889140842
-0.007644030846379254
-0.007759615577232535
-0.007868007048170257
-0.007970758353855986
-0.008069005492416126
-0.008163598574560081
-0.008255186433981076
-0.00834427286776203
-0.00843125501733821
-0.008516450174019478
-0.008600114887063604
-0.008682458835308214
-0.008607698490013934
-0.00892895854399558
-0.009323199983601
-0.009827312391479399
-0.010508084895688719
-0.011500196652694515
-0.01312186740407163
-0.01634908916047623
-0.02633261244103593
0.269411917848201
0.009568520574214609
0.0013399897848175905
-0.0015634485649253815
-0.003071883595765438
-0.004011598032359478
-0.004663910847777382
-0.005150863223881435
-0.00553396652542096
-0.005847589352956969
-0.006112441463200974
-0.006341745938942247
-0.0065443418655807785
-0.006726362112647007
-0.006892195382179487
-0.007045065094641755
-0.0071873920691147685
-0.0073210296852632434
-0.0074474209394375795
-0.0075677060728530495
-0.007682798015694235
-0.007793436342135468
-0.007900226553613115
0.05753752845960777
0.05811746679578265
0.05869740359380699
0.05927733885368692
0.0598572725754286
0.060437204759038125
0.06101713540452161
0.06159706451188517
0.0621769920811349
0.06275691811227699
0.06333684260531754
0.06391676556026263
0.0644966869771184
0.06507660685589096
0.06565652519658645
0.06623644199921094
0.06681635726377062
0.06739627099027157
0.06797618317871991
0.06855609382912176
0.06913600294148324
0.06971591051581046
0.07029581655210956
0.07087572105038666
0.07145562401064785
0.07203552543289925
0.07261542531714701
0.07319532366339723
0.07377522047165604
0.0743551157419295
0.07493500947422382
0.07551490166854506
0.05358428224754946
0.05456872411161528
0.05555954293465339
0.056556685751291184
0.05756010018057545
0.058569734417933665
0.059585537227267754
0.06060745793317802
0.06163544641331418
0.06266945309085076
0.06370942892708634
0.06475532541416104
0.0658070945678935
0.06686468892073341
0.0679280615148265
0.06899716589519185
0.07007195610300852
0.07115238666900857
0.07223841260697683
0.07332998940735233
0.07442707303093221
0.07552961990267544
0.07663758690560266
0.07775093137479408
0.07886961109147987
0.07999358427722357
0.08112280958819655
0.08225724610954113
0.08339685334982168
0.08454159123556065
0.08569142010586059
0.08684630070710748
0.04984956659684847
0.05116841743520373
0.052510375793945095
0.05387572931830117
0.055264770448399614
0.0566777965195967
0.05811510986533415
0.05957701792260406
0.06106383334009218
0.06257587408908487
0.06411346357721932
0.06567693076516365
0.06726661028631593
0.06888284256961161
0.0705259739655355
0.07219635687543695
0.07389434988424726
0.07562031789670656
0.0773746322772076
0.07915767099336966
0.08096981876345899
0.08281146720777545
0.08468301500413315
0.0865848680475607
0.08851743961436105
0.09048115053066293
0.09247642934561641
0.09450371250937367
0.09656344455601887
0.0986560782916014
0.10078207498744336
0.10294190457889098
0.04631574871815799
0.04790742442837126
0.04954619411347925
0.051233607034336215
0.052971281162669415
0.054760907033012604
0.05660425185670232
0.05850316391898203
0.060459577282201866
0.06247551682026899
0.06455310361188998
0.06669456072279341
0.06890221941006516
0.07117852578498585
0.0735260479743977
0.07594748382466504
0.07844566919680945
0.08102358690642113
0.08368437636759835
0.08643134400644487
0.08926797451674434
0.09219794303835559
0.09522512834779837
0.09835362716056247
0.10158776965600576
0.1049321363485344
0.10839157644326523
0.11197122783082893
0.11567653889465644
0.11951329232538081
0.12348763116121965
0.12760608730093584
0.0429670431421404
0.04477735524848563
0.046663493693851144
0.04862948118687627
0.05067963011070521
0.052818569075252994
0.05505127244462543
0.05738309323602208
0.059819799847952514
0.06236761714805766
0.06503327253645139
0.06782404770198672
0.07074783690955919
0.07381321280059855
0.077029500861408
0.0804068639213632
0.0839563982931943
0.08769024347070503
0.09162170766808891
0.09576541193565152
0.10013745613997121
0.10475561077889557
0.109639539447722
0.11481105782714418
0.12029443638472985
0.12611675564701294
0.1323083250114003
0.13890317876321231
0.14593966642845793
0.15346115907917196
0.16151689906077402
0.17016302830873986
0.039789275973197785
0.0417704804738927
0.04385896037490241
0.04606253798572337
0.04838981508337365
0.0508502724820731
0.053454385265998924
0.05621375663708871
0.059141273983278536
0.06225129159333251
0.0655598454815364
0.0690849071042971
0.0728466844387172
0.07686798106907765
0.08117462675273447
0.08579599663511715
0.09076564116442445
0.09612205525598633
0.10190962399321925
0.10817979401660373
0.11499253603970133
0.12241818655312316
0.13053978859445006
0.139456096823557
0.1492854777732462
0.16017103263330731
0.17228741428132183
0.18585003041983653
0.2011276675702846
0.21846011737230628
0.23828328126015363
0.2611657368818975
0.03676968434649828
0.038879667375317103
0.04112945732532125
0.043531986715125544
0.04610183387507891
0.0488554933611758
0.051811701496703964
0.05499183061448013
0.058420369530853604
0.06212551308885667
0.06613989079187567
0.0705014743796705
0.07525471780489973
0.08045200213382526
0.08615548496687903
0.09243949297198437
0.0993936531830442
0.10712704363760558
0.11577377269532127
0.12550059567672814
0.1365174929960756
0.14909264627660465
0.16357410454040447
0.1804219076055627
0.2002570701766978
0.2239387410727141
0.252690449347785
0.28831619098144146
0.3335909820142716
0.39301577081051425
0.4744063011319994
0.5926332816457883
0.033896745104291116
0.03609832342707837
0.03847201333890931
0.041037058921708953
0.04381568428375736
0.0468336936273235
0.05012122239862485
0.05371368584256091
0.05765298825977263
0.0619890805728596
0.06678198915038673
0.0721044910704353
0.07804568960303006
0.08471586431725116
0.09225315942313479
0.10083297798080844
0.1106814514662486
0.12209520806230337
0.1354711664938409
0.15135283499362995
0.17050486789681338
0.19403827924231837
0.22363159625543763
0.2619462697008693
0.31346955247008224
0.3864042688861972
0.49751847540919997
0.6872743487849272
1.0845395570174359
2.438667098702389
-12.211376343981351
-1.8027921245319447
0.031160027842438653
0.03342034611639968
0.035883812045709236
0.038577007636465224
0.04153136411086893
0.044784320518428226
0.04838083120650748
0.052375351174112246
0.05683448591073584
0.061840580514217904
0.0674966609096068
0.07393336124173916
0.08131883574467448
0.0898732712080117
0.09989070018166726
0.11177279194668366
0.12608306747408662
0.14363755386980245
0.165664057098874
0.1940993959217305
0.23218753837077705
0.2858061590881651
0.3668201006936842
0.5033093869714582
0.781646182771712
1.660959201235681
-21.50508444015249
-1.497610207529272
-0.7918024131544072
-0.54544328791247
-0.4201349504933615
-0.34429421859500764
0.028550068376483665
0.030840078246533627
0.033362181955636325
0.03615110662914031
0.03924887116139136
0.04270680609170765
0.046588284285420105
0.0509724724276237
0.055959578124939194
0.06167833775586845
0.06829694700004525
0.07603943393595519
0.08521092247514114
0.09623797838153796
0.10973570391049077
0.12662484061709814
0.1483485335436204
0.17730406668310167
0.217787547262322
0.27833810798395614
0.3786935920436422
0.5771039293497493
1.1537147922595647
24.78177692830564
-1.335939975654877
-0.6658426651565784
-0.45015856721489667
-0.3437601039228033
-0.2804130028901505
-0.23841054361237815
-0.208539156582946
-0.1862210546880532
0.026058259391942735
0.028352268044700462
0.030904587260618486
0.033758649693459875
0.03696820324381239
0.040600566698941146
0.04474120148114553
0.049500265064533394
0.05502222623077114
0.061500352048742525
0.06919921191042458
0.07849090058545974
0.0899158411672922
0.10429010831241066
0.12290686551513019
0.1479446834195971
0.18338181633865014
0.23733824793895406
0.32936203160992655
0.5214481046960716
1.1700625357945453
-6.399590938621609
-0.8944737526341497
-0.4918222291008004
-0.34427282516524077
-0.26776390723244775
-0.22097589829103678
-0.18942934854130036
-0.16673628100984947
-0.1496408933714584
-0.13630946002065758
-0.12563034517151359
0.02367675561638998
0.02595203348285553
0.028508619328674396
0.03139894996171528
0.03468935817012217
0.038465002439808244
0.04283705557623837
0.0479534596728109
0.05401549767054284
0.06130421516868812
0.07022427452327899
0.08138031716630471
0.09571791118692086
0.11480327023739033
0.1414324350402062
0.18113322606958157
0.24657975037744578
0.37465535776598496
0.7370886756136209
8.805914900603566
-0.9393690258408799
-0.45838315139407687
-0.3085263132249475
-0.2354690187245674
-0.19224774503299233
-0.16370680522617476
-0.14346890395543374
-0.12838334395679352
-0.11671453261165504
-0.1074277087471071
-0.0998676344195568
-0.09359921047687997
0.021398391312119236
0.023634830301215232
0.026171988829953464
0.029071339247312256
0.032412333755808244
0.03629949659223479
0.040873160753529765
0.04632623894794344
0.05293139424536706
0.06108700131341497
0.07139903438266144
0.08483655323515076
0.10305155566530834
0.12910926302433615
0.16941043991491725
0.23992412375573285
0.3947355102959472
1.0080416861555352
-2.163235317120153
-0.5448657145196171
-0.3192420986826955
-0.22943830504508028
-0.18122599865370778
-0.15116970867219637
-0.1306567573179251
-0.11577816766732336
-0.10450333687311482
-0.09567277557072913
-0.08857622729723903
-0.08275431715629691
-0.07789676746315154
-0.07378644784444638
0.0192166082614149
0.02139642329384899
0.02389251844062797
0.0267751674139589
0.03013712781984675
0.03410341501860804
0.03884665995633299
0.044612164582912735
0.051760639175228024
0.06084512015911778
0.07275886657123272
0.08904453789162793
0.11261542093162874
0.14971232060147716
0.21655313347643781
0.37254434787604696
1.1504002444137722
-1.1964563535198411
-0.4100322095970443
-0.25335554535256255
-0.18632588286509888
-0.14915126567616405
-0.12554104037275865
-0.10923273955197253
-0.09730479327604977
-0.08821082031882202
-0.08105568812868445
-0.07528533374250794
-0.07053844617259078
-0.06656935294672764
-0.0632051845118257
-0.06032076622278654
0.017125392719985148
0.019232860474587724
0.021668136075761516
0.02450980177024404
0.027863738184695924
0.031876105546661926
0.036754511020257806
0.042804092130338214
0.050492410973063305
0.060574116841753955
0.07435124523947968
0.09427946248351099
0.12560927964019242
0.1819433637490787
0.3128093146687268
0.9527398543052966
-1.0443004632630957
-0.3526556006975669
-0.2176558734285137
-0.16018297802204012
-0.1283845236606254
-0.10821908378449718
-0.09430551624206834
-0.08413820587383194
-0.07639267453572768
-0.07030297544495455
-0.06539535640219273
-0.06136105755709456
-0.05799023747607326
-0.05513529712061057
-0.052689395370702094
-0.0505732889424477
0.015119220062086896
0.017140449791715195
0.019496868606943954
0.022274626488420643
0.025592162676289554
0.0296168973237619
0.0345934714350631
0.040894071463117604
0.049114007961362255
0.06026839506462558
0.07624139994318387
0.10096950461453397
0.14428151732824254
0.2395162462837219
0.6183760104733863
-1.3154635084267605
-0.33644093157651195
-0.19869127251413896
-0.1437923968315848
-0.114311711698974
-0.09593642852719307
-0.08340142953525688
-0.07431567818450063
-0.06743660867602042
-0.06205450371145531
-0.057734524511450884
-0.05419538081851509
-0.05124705316645493
-0.048756551925813754
-0.04662801538474625
-0.044790598387894655
-0.04319081157544185
0.013193006044374065
0.015115738102816252
0.017376836024656974
0.02006904204627292
0.02332239912402956
0.027325100143246826
0.032360081576017545
0.038873229909014824
0.04761042138514463
0.05992082650398315
0.07852147249905275
0.10981929991984868
0.1733950643000291
0.37167980027639974
-6.690980825782435
-0.3603760110359032
-0.1921073834361466
-0.1340753982466601
-0.10471680565253026
-0.08701355623661898
-0.07519057366580893
-0.066747263759911
-0.06042484723779857
-0.05552062600898617
-0.05161145364171576
-0.04842729453731626
-0.04578771693854821
-0.04356757416818562
-0.04167733672399458
-0.040051262980283144
-0.03863999077797905
-0.037405735369898496
0.011342063783216628
0.013155492157914079
0.015306246009068651
0.017892464691004417
0.02105444536077991
0.02500000374140697
0.030050646222376316
0.036731634435623724
0.045963786685489824
0.05952218803894564
0.08132599244058776
0.12207601314104628
0.22510695878494763
0.9900051335560679
-0.4676831002945663
-0.1987536627703542
-0.12996245039537035
-0.09852401480834748
-0.08053706840965137
-0.06890741836266312
-0.06078356873983187
-0.054797558889324936
-0.050211216713870736
-0.04659113605555039
-0.043666107885271935
-0.0412577363840191
-0.03924386484659345
-0.03753803303460571
-0.03607732591624416
-0.034814869639153
-0.03371502543812209
-0.03275021379681968
0.00956206567902556
0.01125668137060272
0.013283388876302439
0.01574432592414019
0.018788299222857668
0.02264087706359123
0.027661214155308242
0.034458128369368596
0.044152670336892526
0.059060331239655595
0.08485941888167438
0.14017594641700834
0.34241775748124426
-1.1018513315432246
-0.22759284473239694
-0.13199726843549645
-0.09536249414930643
-0.07602768387233041
-0.06409917547540754
-0.0560195372348827
-0.050195203733484205
-0.04580564352883542
-0.04238531185549171
-0.03965041492951635
-0.03741810136261988
-0.035565246958184304
-0.03400590895362468
-0.03267827603094975
-0.031536754173393036
-0.030546975427836597
-0.029682543175523015
-0.02892284769872584
0.00784900963642209
0.009416462184074392
0.011306632870232898
0.013624072006488755
0.01652395855002945
0.020246967497857343
0.025187555598330986
0.032040136984122884
0.04215113173711682
0.05851892270518152
0.08944836462774837
0.1696053627112436
0.8666278710488262
-0.32086666801750624
-0.14339246131928782
-0.09553385526509077
-0.07331637566329315
-0.06051087744505244
-0.05219806030659472
-0.04637816386794449
-0.04208491841602781
-0.0387942915681327
-0.036197463080267236
-0.03410063138536588
-0.03237602707384008
-0.03093599725725191
-0.02971840694420416
-0.028677982937128997
-0.027780957422975833
-0.027001631443424632
-0.026320100674960847
-0.0257207093542925
0.006199189025232648
0.007632163862407891
0.009374419772554113
0.01153116348225723
0.014261421185501501
0.017817500074467942
0.022625137229297015
0.029463434807819325
0.039927472777264626
0.0578754721566577
0.09564883991625028
0.2258473990595263
-1.0854049001976898
-0.17578583049496316
-0.10046419920075103
-0.07255696933339184
-0.05804091647691031
-0.04916168213049955
-0.04318328648610717
-0.03889380946907822
-0.03567390132941736
-0.033174058916375225
-0.031182098053059916
-0.029561744975363215
-0.028221476386495303
-0.027097543789250094
-0.026144180363463016
-0.02532767844708998
-0.02462266314998625
-0.024009667324960723
-0.02347350684461216
-0.023002164113238174
0.004609165907762189
0.005901275557800983
0.007485260806302699
0.009465074721461561
0.01200068497591375
0.015351676629453552
0.01996909445338062
0.02671186555407285
0.03744254665683984
0.05709812956105308
0.10449054468092517
0.3762032936399803
-0.29464659768968526
-0.11465657091686628
-0.07443598035438814
-0.056752085994866745
-0.04683226973644225
-0.04049983840107295
-0.03611838954401202
-0.032915431826353626
-0.030478747593398164
-0.028568294128402418
-0.02703481027625675
-0.025780607761397012
-0.02473906787186984
-0.02386319923655678
-0.023118905396630623
-0.022480845643090462
-0.021929794038473494
-0.02145089996471122
-0.02103251048785542
-0.020665353652152503
0.003075747125369794
0.004221434522040044
0.0056377328101999335
0.0074252934798167735
0.009741747771334333
0.012848674930338791
0.017214200580281527
0.023767003030762485
0.034647433379558314
0.05614025066972705
0.11811783112418688
2.0671588773935436
-0.1564929589605251
-0.08096230734143606
-0.056969316948489196
-0.04521453486742637
-0.038257155754359964
-0.03367189176868162
-0.030432479187066985
-0.028030039872483314
-0.026183528768229745
-0.024725063138331758
-0.023548175737781757
-0.022582083992718806
-0.021777895333745988
-0.02110075243518867
-0.020525134196072662
-0.02003192612688719
-0.019606528733477305
-0.019237598752097594
-0.018916189270014844
-0.01863514866107624
0.0015959628943111278
0.002590415345812991
0.0038304746631525567
0.005411320475331629
0.007484607425251047
0.01030764776202387
0.014354832494734574
0.0206077379853292
0.031480186815895046
0.054930678665147135
0.1418575943482357
-0.44401646812587725
-0.09905088250148489
-0.059618638720286075
-0.044436561756310076
-0.036421607195560216
-0.03148500374750054
-0.028151182118209897
-0.025757711404754944
-0.023963003394103045
-0.02257304588396031
-0.021469475000171986
-0.020575979512883976
-0.019841148586633606
-0.019229081526802035
-0.018713948921811552
-0.01827669245241365
-0.017902942585547
-0.017581660186090604
-0.01730422451073501
-0.01706380533600656
-0.016854921043109636
0.00016704760894405146
0.0010061201228096343
0.002062183940034642
0.0034226689808741747
0.0052292617945648
0.007727721970685291
0.01138493234588666
0.01720977130104627
0.027861189847652314
0.053355206285252615
0.19360651151746402
-0.17243099729514844
-0.06758076726765923
-0.04488670594520343
-0.035005875907222345
-0.02949804682852226
-0.02600128208907813
-0.02359509360015528
-0.02184638878836699
-0.020524588647980128
-0.019495647878489487
-0.01867632313445209
-0.01801218910135743
-0.017466161179173097
-0.017012098744447715
-0.01663104545555131
-0.016308919839048
-0.016035042906127714
-0.015801169023530345
-0.015600830176046082
-0.015428881433690833
-0.015281179101161576
-0.0012135774087956481
-0.0005334305528049945
0.00033161378148279273
0.0014588644320094797
0.0029757087395840833
0.005107997463429294
0.008297964706291459
0.013544987806818006
0.023686369372712564
0.0512182165816497
0.394242501830623
-0.09450256923754706
-0.047715978754325816
-0.034106313915572756
-0.027652375371168058
-0.02390499576656282
-0.02147023621309514
-0.019771119768882035
-0.018525610230830176
-0.017579506674625347
-0.016841387254336856
-0.016253611905664864
-0.015778038280120935
-0.015388420289308046
-0.01506610565633389
-0.014797474763161077
-0.014572350551825713
-0.014382975474656952
-0.014223332809309354
-0.01408868428786579
-0.013975247661731301
-0.013879967165049769
-0.0025483194400334323
-0.002030105836775726
-0.0013624300381057874
-0.0004805559505551607
0.0007239461240169029
0.002447546161291093
0.005086868562927521
0.009580676548827988
0.01881702505089135
0.048154414469691084
-0.7213852809977571
-0.057537267566015
-0.034036330432481283
-0.025875593614016694
-0.021757865853902374
-0.019292546611820442
-0.017663447811256058
-0.01651591969656451
-0.015671020173263262
-0.015028691585418126
-0.014528606795113015
-0.01413222993836511
-0.01381379210101979
-0.013555408609156525
-0.013344277961053039
-0.013170995713265703
-0.013028497762942274
-0.012911374980885765
-0.012815415369533262
-0.012737290244479992
-0.012674334216210791
-0.012624387814550199
-0.003839428376492157
-0.0034856722053066484
-0.003021091858860668
-0.0023960435245471744
-0.001526028185035629
-0.00025458909698081357
0.0017440033979965878
0.0052785517316219135
0.013064121221178865
0.04339391194504621
-0.12705106550878387
-0.0359587605179454
-0.024042234272001143
-0.019385664530981922
-0.01692732276659667
-0.015423598149871928
-0.014420116708725407
-0.013711379269696405
-0.013190888383912905
-0.012797937912853543
-0.012495390390797249
-0.012259251040198042
-0.012073326454124782
-0.01192629237899838
-0.011809991552932093
-0.011718398934031392
-0.011646967759612036
-0.011592202368302742
-0.011551371058648502
-0.011522308201278838
-0.011503274831873581
-0.011492858508457758
-0.005089009376389819
-0.0049018004102445575
-0.004645468713301916
-0.0042880385763285804
-0.003774216317085776
-0.0029993957030713977
-0.0017389115071332248
0.0005935122329978064
0.006163174760173272
0.03498758593054769
-0.04844017982306289
-0.021814954072193044
-0.0164210768838393
-0.014137079000460831
-0.01289652160657577
-0.012131786670739704
-0.01162376395085578
-0.011269971248678665
-0.011016069236855854
-0.010830562622516634
-0.010693937387244412
-0.010593458250380433
-0.010520460388966483
-0.010468843516101693
-0.010434188462234458
-0.010413215397915192
-0.010403438889439173
-0.010402941120927994
-0.010410218607058937
-0.010424076035244095
-0.010443551155917078
-0.01046786061921297
-0.0062990343184527635
-0.006280071876472932
-0.006236612745983979
-0.006156970658289253
-0.0060206203982660815
-0.005787892482074091
-0.005370865559809744
-0.004527945540104488
-0.002267557462912884
0.016148227153745726
-0.017402239111026886
-0.0118281510776205
-0.010417417267223169
-0.00980477297107576
-0.009482038897984676
-0.009296936922943928
-0.009187945927325952
-0.009125456298889242
-0.009093454123101254
-0.009082521365256332
-0.009086756982743933
-0.009102275408371713
-0.009126413771811333
-0.009157286033005665
-0.009193518960110234
-0.009234088933953359
-0.0092782173453977
-0.009325301428269653
-0.009374867271333335
-0.009426537133014357
-0.009480006224872158
-0.009535025910998847
-0.007471352185131063
-0.007621984593016781
-0.007795533486134129
-0.008003258913976722
-0.008265242551336007
-0.008621130953370564
-0.009161634328302751
-0.010149779997191041
-0.012800164115664828
-0.06430974524943452
-0.0007842626631255729
-0.0044004891174927304
-0.005565716609038316
-0.006168067835696924
-0.006552559164371381
-0.006830073047328564
-0.007047159505788594
-0.007226782038534537
-0.007381576905900958
-0.007519071889140842
-0.007644030846379254
-0.007759615577232535
-0.007868007048170256
-0.007970758353855984
-0.008069005492416131
-0.008163598574560083
-0.008255186433981076
-0.008344272867762029
-0.008431255017338211
-0.00851645017401948
-0.008600114887063604
-0.008682458835308214
-0.008607698490013933
-0.008928958543995582
-0.00932319998360101
-0.009827312391479418
-0.010508084895688719
-0.011500196652694488
-0.01312186740407168
-0.01634908916047634
-0.026332612441035925
0.26941191784820095
0.009568520574214413
0.0013399897848174842
-0.001563448564925406
-0.003071883595765423
-0.004011598032359507
-0.004663910847777369
-0.0051508632238814345
-0.005533966525420965
-0.0058475893529569755
-0.006112441463200973
-0.006341745938942244
-0.006544341865580782
-0.006726362112647003
-0.006892195382179492
-0.007045065094641757
-0.007187392069114768
-0.007321029685263245
-0.007447420939437581
-0.007567706072853049
-0.0076827980156942395
-0.00779343634213547
-0.007900226553613117
